1166

3261
8332
6821

7545
8832
7545
4747
-
1788
2116
3662

5532
4778
7844

3351
4265
-
2878

3421
2187
6344

7116
8667
2355
4355
-
1748
7348


5666
3212
7783
8434
2551
5621
-
1
24
3341
4
8422
6571
7585
8312
6787
3665
-
4121

3338

5412
6542
7765
8876
2341
7658
-
1134
2187
83
448
5713
653
774
8
6225
2665
-
1652
3434


5824
6883
7711
8243
6552
1776
-
5115

3442
3121

6525
7683
8864
2347
8767
-
1878
7188
6126
5632
5323
7217


6454
4534
-
1118
2234
3344

5581
6694
7585
8223
9777
9696
-
1222
2334
3444

5513
6675
7781
8851
9978
6969
-
2111

3324
4412
5342
6675
7535
8887
9986
6979
-
1234
2434


4123
6757
7588
8511
9823
6996
5796
-
2218

3824
4181
5541
6679
7585

9942
7397
3366
-
1132
2943
3449

2198
6675
7851
8243

5667
5978
-
14
2133

4433
5596
1272
714
887
9688
2656
9795
-
1175
2275

4187
5963
6383
7856

9968
4291
4423
-
1142

3142

5493
6675
7753
8993
9124
8652
7868
-
1344
2434


5912
6659
7759
8123
8123
6689
7785
-
1157
2953
3546
4871
5686
6878


9371
2394
4292
