118
2830
3338
440
55
6669
7760
49
994
5508
1212
772
-
1748
7348


5666
3212
7783
8434
2551
5621
-
1
24
3341
4
8422
6571
7585
8312
6787
3665
-
4121

3338

5412
6542
7765
8876
2341
7658
-
1134
2187
83
448
5713
653
774
8
6225
2665
-
1652
3434


5824
6883
7711
8243
6552
1776
-
5115

3442
3121

6525
7683
8864
2347
8767
-
1878
7188
6126
5632
5323
7217


6454
4534
-
1118
2234
3344

5581
6694
7585
8223
9777
9696
-
1222
2334
3444

5513
6675
7781
8851
9978
6969
-
2111

3324
4412
5342
6675
7535
8887
9986
6979
-
1234
2434


4123
6757
7588
8511
9823
6996
5796
-
2218

3824
4181
5541
6679
7585

9942
7397
3366
-
1132
2943
3449

2198
6675
7851
8243

5667
5978
-
14
2133

4433
5596
1272
714
887
9688
2656
9795
-
1175
2275

4187
5963
6383
7856

9968
4291
4423
-
1142

3142

5493
6675
7753
8993
9124
8652
7868
-
1344
2434


5912
6659
7759
8123
8123
6689
7785
-
1157
2953
3546
4871
5686
6878


9371
2394
4292
-
118
2246
3375
4637
5818
6375
7158

9990
0024
69
420
-
1124

3421

5883
6972
7834
3412
9005
0785
6596
6790
-
1933
2200
3674
4878
5468
6787


9345
0565
1209
1921
-
1173
2731
3558
2031
5
6999
7866
8
85
0296
7424
0404
-
1858
2815
3391
4614

6509
7406

9285
0093
4767
2732
-
1907
2284
3424

5538
6528
7905

9638
0669
1717
1034
-
1343
2413


5213
4241
7708
8959
6565
0698
2709
0876
-
1334
4134


5213
6521
7652
8976
9756
0899
2880
0407
-
4771
21
336

521
6552
7365
8721
9984
0968
4090
0843
-
1343
2434


5212
6858
7709
1314
9665
0985
2707
0986
-
1127
2655
4187
4618


7758
8656
9942
0393
3030
0492
-
1772

3282
4638
5561
6127
7388

9301
0565
4009
4949
-
1854
2458
3321

4848
6512
7795

9300
0123
6709
7669
