11
4141
3222
44
5533
6672
7753
7656
-
1165
2376
3357
4423
5566

7711
2442
-
1132
2555
3352
4412

6667
7743
1764
-
1132
24
322

5563
6413
777
4476
6551
-
2615

3372
1151

6645
7226
3737
5444
-
2314

3366
4411
5222
6
751
4776
7553
-
1244
2456
3772
5
5
665
7721
4333
116
-
1122

3514
4421
5554
6233
7663
7767
-
1122

3521
4435
5512
6643
7763
4767
-
1126
2273
3774
448
5536
6632
7848
8
1515
-
1232


4132
5543
6531
2144
7667
7765
-
1434
2645
3522

5466

2313
7657
7171
-
1223
3364
3644

5576

7112
5574
6721
-
2313


4452
5771
6712
7231
3665
4465
-
1
214
3124

5742
6675
3321
3467
7655
-
1
271
372
6313
5544
6212
7
5434
6657
-
1637
2274
3324

5111
6627

4345
5657
-
13
2226

445
5573
6547
7131
3462
671
-
2343

377
4
5561
6123
7744
2112
6565
-
1144
2215
3666

5541
5422
7736

3737
-
1223
3434
3747

5567
6122

5541
1667
