1
271
372
6313
5544
6212
7
5434
6657
-
1637
2274
3324

5111
6627

4345
5657
-
13
2226

445
5573
6547
7131
3462
671
-
2343

377
4
5561
6123
7744
2112
6565
-
1144
2215
3666

5541
5422
7736

3737
-
1223
3434
3747

5567
6122

5541
1667
-
1243


4323
5231
6585
7688
8442
7171
7665
-
2131


7878
5676
6783
3122
8231
4545
4465
-
1164
2148
5772

5721
6848
7684

6335
3325
-
2448

2473
4881
5563
6718
7211

3572
3665
-
2414

1428

5881
6673
7535
8221
3573
4676
-
1434
8551


5418
6772
5338
8134
2776
2626
-
1166

3261
8332
6821

7545
8832
7545
4747
-
1788
2116
3662

5532
4778
7844

3351
4265
-
2878

3421
2187
6344

7116
8667
2355
4355
-
1748
7348


5666
3212
7783
8434
2551
5621
-
1
24
3341
4
8422
6571
7585
8312
6787
3665
-
4121

3338

5412
6542
7765
8876
2341
7658
-
1134
2187
83
448
5713
653
774
8
6225
2665
-
1652
3434


5824
6883
7711
8243
6552
1776
-
5115

3442
3121

6525
7683
8864
2347
8767
-
1878
7188
6126
5632
5323
7217


6454
4534
-
1118
2234
3344

5581
6694
7585
8223
9777
9696
-
1222
2334
3444

5513
6675
7781
8851
9978
6969
-
2111

3324
4412
5342
6675
7535
8887
9986
6979
