
1
221
3312
4555
5312
3444
-
13
213

4221
551
2344
3545
-
12
2
3441
4
5521
5334
5123
-
15
2511
3414
2
5
2323
5443
-
11
2354
3415
4451

23
3252
-
11
2244
3661
41
5532
6642
3553
-
11
21
3321
4223
5534
6545
4666
-
115
2231
3334
4515
5
6624
2664
-
1
2515
3344
4262
556
6611
3342
-
1556
2114
3242
4165


6532
4336
-
1
224
3264
441
5
6665
2333
5511
-
113
255

43
5543
6642
1616
4232
-
13
213
6
4221
5543
66
4655
2314
-
116
263
34
44
5532
63
6255
1124
-
1125
2253
3346
446
5536
6
2411
-
1124
2664
3211
455

6
2365
4533
-
2616

3126
4423
5534

5645
1231
-
1566
2234
3165
45

65
1231
4432
-
1
2216
3315
4655
5
61
2363
2444
-
1
2151
352
4532
5
444
3362
1666
-
216
6
316
4223
5441
6
1335
2554
